#	***	DATA	***																																																				
#------------------------------------------------------------------------------------------------																																																							
#maturity	at	age:	Based	on	2004	Data	provided	by	Wilhelm	2006																																													
#0	1	2	3	4	5	6	7																																																
0.021117286	0.195868899	0.73335004	0.968801492	0.997155991	0.999747462	0.999977628	0.999998019																																																
#================================================================================================================================================================================================================																																																							
#	Midwater	annual	catch	(1000	ton;	Namibia+Other;	Pelagic;	Bulgaria;	Poland;	Romania;	USSR)																																												
#	1961	1962	1963	1964	1965	1966	1967	1968	1969	1970	1971	1972	1973	1974	1975	1976	1977	1978	1979	1980	1981	1982	1983	1984	1985	1986	1987	1988	1989	1990	1991	1992	1993	1994	1995	1996	1997	1998	1999	2000	2001	2002	2003	2004	2005	2006	2007	2008	2009	2010	2011	2012	2013	2014	2015
	47	23	21	71	126	100	72	69	47	51	77	51	43.6	34.5	49.2	45.6	63.6	116.5	88	64.7	27.3	44.6	100.1	91.1	73.1	86	514	393	381	342	291.317	206.173	326.25	276.43	232.777	175.755	201.501	260.244	259.248	295.608	252.281	242.912	315.878	251.218	268.815	253.713	96.072	182.554	246.524	239.465	304.638	317.399	285.0265	280.255	101.59982
	0	0	0	0	0	0	0	0	0	0	14	22	12	31	14	24	82	10	33	39	4	68	107	88	22	84	34	17	30.771	85.18	83.006	115.015	74.301	33.863	54.892	90.984	88.296	25.222	26.679	17.484368	28.65954391	61.60325494	48.47176888	43.70329308	44.56586498	44.42902196	28.65604533	9.311	13	25	15	13.465	12.92548	2.43	0
	0	0	0	0	0	0	0	0	0	0	0	0	0	0	0	0	0	0	0	18.6	37.3	48.4	51.2	50.5	42.8	48.5	0	0	0	0	0	0	0	0	0	0	0	0	0	0	0	0	0	0	0	0	0	0	0	0	0	0	0	0	0
	0	0	0	0	0	0	0	0	0	0	0	0	8.5	9.7	27.4	42.2	42.1	122.6	82	69.5	118.8	94.7	108.3	76.1	36.1	14.5	0	0	0	0	0	0	0	0	0	0	0	0	0	0	0	0	0	0	0	0	0	0	0	0	0	0	0	0	0
	0	0	0	0	0	0	0	0	0	0	0	0	0	0	0	0	0	27.2	67.3	31.8	40.2	74.7	116.2	107.8	69.4	97.6	0	0	0	0	0	0	0	0	0	0	0	0	0	0	0	0	0	0	0	0	0	0	0	0	0	0	0	0	0
	0	0	0	0	0	0	0	0	0	0	0	0	197.9	109.8	178.4	396.2	175.3	271.7	150.7	322.4	362.4	329.6	117.2	193.5	216.6	169.4	0	0	0	0	0	0	0	0	0	0	0	0	0	0	0	0	0	0	0	0	0	0	0	0	0	0	0	0	0
#================================================================================================================================================================================================================																																																							
#Note:	For	all	three	series	CAA	was	estimated	using:	CAL	data	and	2004	LAK																																										
#(up	to	3+	for	survey	and	pelagic	and	up	to	5+	for	MW),																																											
#solving	for	least	SS	of	proportion	at	length,	starting	at	0	for	every	age,	keeping	relative	freq	at	each	age	>	0.0001																																		
#This	work	was	done	by	M.	Wilhelm	-2004																																																
#	Proportion	of	Numbers	caught	by	age	by	Midwater	fleet,	0	to	plus	group:																																										
#	0	1	2	3	4	5	6	7																																															
1961	0	0	0	0	0	0	0	0																																															
1962	0	0	0	0	0	0	0	0																																															
1963	0	0	0	0	0	0	0	0																																															
1964	0	0	0	0	0	0	0	0																																															
1965	0	0	0	0	0	0	0	0																																															
1966	0	0	0	0	0	0	0	0																																															
1967	0	0	0	0	0	0	0	0																																															
1968	0	0	0	0	0	0	0	0																																															
1969	0	0	0	0	0	0	0	0																																															
1970	0	0	0	0	0	0	0	0																																															
1971	0	0	0	0	0	0	0	0																																															
1972	0	0	0	0	0	0	0	0																																															
1973	0	0	0	0	0	0	0	0																																															
1974	0	0	0	0	0	0	0	0																																															
1975	0	0	0	0	0	0	0	0																																															
1976	0	0	0	0	0	0	0	0																																															
1977	0	0	0	0	0	0	0	0																																															
1978	0	0	0	0	0	0	0	0																																															
1979	0	0	0	0	0	0	0	0																																															
1980	0	0	0	0	0	0	0	0																																															
1981	0	0	0	0	0	0	0	0																																															
1982	0	0	0	0	0	0	0	0																																															
1983	0	0	0	0	0	0	0	0																																															
1984	0	0	0	0	0	0	0	0																																															
1985	0	0	0	0	0	0	0	0																																															
1986	0	0	0	0	0	0	0	0																																															
1987	0	0	0	0	0	0	0	0																																															
1988	0	0	0	0	0	0	0	0																																															
1989	0	0	0	0	0	0	0	0																																															
1990	0	0	0	0	0	0	0	0																																															
1991	0	0	0.054	0.866	0.08	0	0	0																																															
1992	0	0.006	0.002	0.104	0.888	0	0	0																																															
1993	0	0	0	0.375	0.625	0	0	0																																															
1994	0	0.023	0.017	0.498	0.462	0	0	0																																															
1995	0.005	0.005	0.413	0.331	0.213	0.032	0	0																																															
1996	0.013	0.348	0.363	0.165	0.083	0.022	0.005	0.002																																															
1997	0	0	0.101	0.644	0.255	0	0	0																																															
1998	0	0.002	0.133	0.492	0.373	0	0	0																																															
1999	0.004	0.014	0.162	0.473	0.222	0.126	0	0																																															
2000	0.006	0.095	0.336	0.388	0.12	0.056	0	0																																															
2001	0	0.056	0.495	0.243	0.188	0.002	0.016	0																																															
2002	0.006	0.09	0.248	0.363	0.205	0.048	0.03	0.01																																															
2003	0.001	0.023	0.477	0.442	0.048	0.002	0.003	0.004																																															
2004	0.004	0.044	0.37	0.383	0.119	0.071	0.006	0.002																																															
2005	0.006	0.03	0.219	0.334	0.246	0.103	0.04	0.022																																															
2006	0	0.027	0.404	0.462	0.055	0.052	0	0																																															
2007	0	0.004	0.69	0.271	0.007	0.029	0	0																																															
2008	0	0.081	0.449	0.453	0	0	0.026	0																																															
2009	0	0	0	0	0	0	0	0																																															
2010	0	0	0	0	0	0	0	0																																															
2011	0	0.008	0.258	0.47	0.16	0.093	0.008	0.002																																															
2012	0	0.012	0.268	0.444	0.159	0.105	0.01	0.002																																															
2013	0	0.014	0.302	0.462	0.133	0.076	0.009	0.003																																															
2014	0.000	0.016	0.306	0.475	0.130	0.064	0.005	0.002																																															
2015	0	0	0	0	0	0	0	0																																															
#																																																							
#Proportion	of	Numbers	caught	by	the	pelagic	fishery:	Estimated	CAA	data	by	M.Wilhem																																											
#	0	1	2	3	4	5	6	7																																															
1961	0	0	0	0	0	0	0	0																																															
1962	0	0	0	0	0	0	0	0																																															
1963	0	0	0	0	0	0	0	0																																															
1964	0	0	0	0	0	0	0	0																																															
1965	0	0	0	0	0	0	0	0																																															
1966	0	0	0	0	0	0	0	0																																															
1967	0	0	0	0	0	0	0	0																																															
1968	0	0	0	0	0	0	0	0																																															
1969	0	0	0	0	0	0	0	0																																															
1970	0	0	0	0	0	0	0	0																																															
1971	0	0	0	0	0	0	0	0																																															
1972	0	0	0	0	0	0	0	0																																															
1973	0	0	0	0	0	0	0	0																																															
1974	0	0	0	0	0	0	0	0																																															
1975	0	0	0	0	0	0	0	0																																															
1976	0	0	0	0	0	0	0	0																																															
1977	0	0	0	0	0	0	0	0																																															
1978	0	0	0	0	0	0	0	0																																															
1979	0	0	0	0	0	0	0	0																																															
1980	0	0	0	0	0	0	0	0																																															
1981	0	0	0	0	0	0	0	0																																															
1982	0	0	0	0	0	0	0	0																																															
1983	0	0	0	0	0	0	0	0																																															
1984	0	0	0	0	0	0	0	0																																															
1985	0	0	0	0	0	0	0	0																																															
1986	0	0	0	0	0	0	0	0																																															
1987	0	0	0	0	0	0	0	0																																															
1988	0	0	0	0	0	0	0	0																																															
1989	0	0	0	0	0	0	0	0																																															
1990	0	0	0	0	0	0	0	0																																															
1991	0.052	0.35	0.598	0	0	0	0	0																																															
1992	0.021	0.435	0.177	0.367	0	0	0	0																																															
1993	0.356	0.387	0.098	0.16	0	0	0	0																																															
1994	0.052	0.948	0	0	0	0	0	0																																															
1995	0.292	0.565	0.099	0.045	0	0	0	0																																															
1996	0.486	0.435	0.068	0.002	0.008	0	0	0																																															
1997	0.007	0.722	0.271	0	0	0	0	0																																															
1998	0.089	0.19	0.528	0.179	0.014	0	0	0																																															
1999	0.059	0.798	0.143	0	0	0	0	0																																															
2000	0.088	0.884	0.028	0	0	0	0	0																																															
2001	0.187	0.739	0.075	0	0	0	0	0																																															
2002	0.201	0.555	0.211	0.033	0	0	0	0																																															
2003	0.229	0.39	0.284	0.096	0.001	0	0	0																																															
2004	0.143	0.782	0.073	0.002	0	0	0	0																																															
2005	0.174	0.549	0.222	0.049	0.006	0	0	0																																															
2006	0.034	0.962	0.002	0.002	0	0	0	0																																															
2007	0.004	0.82	0.176	0	0	0	0	0																																															
2008	0	0.499	0.501	0	0	0	0	0																																															
2009	0.05	0.576	0.344	0.03	0	0	0	0																																															
2010	0.385	0.615	0	0	0	0	0	0																																															
2011	0.162	0.76	0.074	0.004	0	0	0	0																																															
2012	0.009	0.234	0.472	0.245	0.025	0.016	0	0																																															
2013	0.229	0.555	0.161	0.055	0.001	0	0	0																																															
2014	0	0	0	0	0	0	0	0																																															
2015	0	0	0	0	0	0	0	0																																															
#Bulgaria	catch-at-age																																																						
#	0	1	2	3	4	5	6	7																																															
1961	0	0	0	0	0	0	0	0																																															
1962	0	0	0	0	0	0	0	0																																															
1963	0	0	0	0	0	0	0	0																																															
1964	0	0	0	0	0	0	0	0																																															
1965	0	0	0	0	0	0	0	0																																															
1966	0	0	0	0	0	0	0	0																																															
1967	0	0	0	0	0	0	0	0																																															
1968	0	0	0	0	0	0	0	0																																															
1969	0	0	0	0	0	0	0	0																																															
1970	0	0	0	0	0	0	0	0																																															
1971	0	0	0	0	0	0	0	0																																															
1972	0	0	0	0	0	0	0	0																																															
1973	0	0	0	0	0	0	0	0																																															
1974	0	0	0	0	0	0	0	0																																															
1975	0	0	0	0	0	0	0	0																																															
1976	0	0	0	0	0	0	0	0																																															
1977	0	0	0	0	0	0	0	0																																															
1978	0	0	0	0	0	0	0	0																																															
1979	0	0	0	0	0	0	0	0																																															
1980	0	0.227	0.663	0.073	0.02	0.005	0.005	0.006																																															
1981	0.003	0.003	0.458	0.473	0.052	0.007	0.001	0.001																																															
1982	0	0.079	0.797	0.102	0.016	0.005	0	0																																															
1983	0	0.077	0.522	0.29	0.092	0.014	0.003	0.001																																															
1984	0	0.073	0.571	0.229	0.082	0.034	0.009	0.002																																															
1985	0	0.293	0.554	0.128	0.022	0.002	0.001	0																																															
1986	0	0.085	0.502	0.343	0.055	0.013	0.001	0																																															
1987	0	0	0	0	0	0	0	0																																															
1988	0	0	0	0	0	0	0	0																																															
1989	0	0	0	0	0	0	0	0																																															
1990	0	0	0	0	0	0	0	0																																															
1991	0	0	0	0	0	0	0	0																																															
1992	0	0	0	0	0	0	0	0																																															
1993	0	0	0	0	0	0	0	0																																															
1994	0	0	0	0	0	0	0	0																																															
1995	0	0	0	0	0	0	0	0																																															
1996	0	0	0	0	0	0	0	0																																															
1997	0	0	0	0	0	0	0	0																																															
1998	0	0	0	0	0	0	0	0																																															
1999	0	0	0	0	0	0	0	0																																															
2000	0	0	0	0	0	0	0	0																																															
2001	0	0	0	0	0	0	0	0																																															
2002	0	0	0	0	0	0	0	0																																															
2003	0	0	0	0	0	0	0	0																																															
2004	0	0	0	0	0	0	0	0																																															
2005	0	0	0	0	0	0	0	0																																															
2006	0	0	0	0	0	0	0	0																																															
2007	0	0	0	0	0	0	0	0																																															
2008	0	0	0	0	0	0	0	0																																															
2009	0	0	0	0	0	0	0	0																																															
2010	0	0	0	0	0	0	0	0																																															
2011	0	0	0	0	0	0	0	0																																															
2012	0	0	0	0	0	0	0	0																																															
2013	0	0	0	0	0	0	0	0																																															
2014	0	0	0	0	0	0	0	0																																															
2015	0	0	0	0	0	0	0	0																																															
#																																																							
#Poland	catch-at-age																																																						
#	0	1	2	3	4	5	6	7																																															
1961	0	0	0	0	0	0	0	0																																															
1962	0	0	0	0	0	0	0	0																																															
1963	0	0	0	0	0	0	0	0																																															
1964	0	0	0	0	0	0	0	0																																															
1965	0	0	0	0	0	0	0	0																																															
1966	0	0	0	0	0	0	0	0																																															
1967	0	0	0	0	0	0	0	0																																															
1968	0	0	0	0	0	0	0	0																																															
1969	0	0	0	0	0	0	0	0																																															
1970	0	0	0	0	0	0	0	0																																															
1971	0	0	0	0	0	0	0	0																																															
1972	0	0	0	0	0	0	0	0																																															
1973	0	0.026	0.434	0.159	0.138	0.144	0.066	0.033																																															
1974	0	0.006	0.039	0.033	0.055	0.188	0.177	0.503																																															
1975	0	0.027	0.128	0.375	0.29	0.136	0.027	0.018																																															
1976	0	0.046	0.09	0.322	0.265	0.184	0.065	0.027																																															
1977	0	0.029	0.262	0.139	0.248	0.125	0.106	0.092																																															
1978	0	0.005	0.084	0.123	0.261	0.14	0.197	0.189																																															
1979	0.001	0.277	0.274	0.393	0.042	0.005	0.002	0.007																																															
1980	0	0	0.066	0.199	0.249	0.256	0.17	0.06																																															
1981	0	0.001	0.073	0.355	0.484	0.082	0.004	0																																															
1982	0	0	0.063	0.484	0.366	0.08	0.006	0																																															
1983	0	0.004	0.236	0.393	0.29	0.07	0.005	0.001																																															
1984	0.001	0.037	0.117	0.32	0.394	0.127	0.004	0																																															
1985	0	0.132	0.33	0.226	0.157	0.105	0.043	0.006																																															
1986	0.001	0.079	0.492	0.317	0.079	0.024	0.004	0.004																																															
1987	0	0	0	0	0	0	0	0																																															
1988	0	0	0	0	0	0	0	0																																															
1989	0	0	0	0	0	0	0	0																																															
1990	0	0	0	0	0	0	0	0																																															
1991	0	0	0	0	0	0	0	0																																															
1992	0	0	0	0	0	0	0	0																																															
1993	0	0	0	0	0	0	0	0																																															
1994	0	0	0	0	0	0	0	0																																															
1995	0	0	0	0	0	0	0	0																																															
1996	0	0	0	0	0	0	0	0																																															
1997	0	0	0	0	0	0	0	0																																															
1998	0	0	0	0	0	0	0	0																																															
1999	0	0	0	0	0	0	0	0																																															
2000	0	0	0	0	0	0	0	0																																															
2001	0	0	0	0	0	0	0	0																																															
2002	0	0	0	0	0	0	0	0																																															
2003	0	0	0	0	0	0	0	0																																															
2004	0	0	0	0	0	0	0	0																																															
2005	0	0	0	0	0	0	0	0																																															
2006	0	0	0	0	0	0	0	0																																															
2007	0	0	0	0	0	0	0	0																																															
2008	0	0	0	0	0	0	0	0																																															
2009	0	0	0	0	0	0	0	0																																															
2010	0	0	0	0	0	0	0	0																																															
2011	0	0	0	0	0	0	0	0																																															
2012	0	0	0	0	0	0	0	0																																															
2013	0	0	0	0	0	0	0	0																																															
2014	0	0	0	0	0	0	0	0																																															
2015	0	0	0	0	0	0	0	0																																															
#																																																							
#Romania	catch-at-age																																																						
#	0	1	2	3	4	5	6	7																																															
1961	0	0	0	0	0	0	0	0																																															
1962	0	0	0	0	0	0	0	0																																															
1963	0	0	0	0	0	0	0	0																																															
1964	0	0	0	0	0	0	0	0																																															
1965	0	0	0	0	0	0	0	0																																															
1966	0	0	0	0	0	0	0	0																																															
1967	0	0	0	0	0	0	0	0																																															
1968	0	0	0	0	0	0	0	0																																															
1969	0	0	0	0	0	0	0	0																																															
1970	0	0	0	0	0	0	0	0																																															
1971	0	0	0	0	0	0	0	0																																															
1972	0	0	0	0	0	0	0	0																																															
1973	0	0	0	0	0	0	0	0																																															
1974	0	0	0	0	0	0	0	0																																															
1975	0	0	0	0	0	0	0	0																																															
1976	0	0	0	0	0	0	0	0																																															
1977	0	0	0	0	0	0	0	0																																															
1978	0	0.128	0.246	0.437	0.15	0.029	0.009	0.001																																															
1979	0.004	0.288	0.427	0.244	0.032	0.004	0.001	0.001																																															
1980	0.001	0.194	0.423	0.246	0.099	0.026	0.008	0.003																																															
1981	0.013	0.139	0.468	0.239	0.105	0.029	0.005	0.002																																															
1982	0.007	0.094	0.458	0.295	0.123	0.018	0.004	0.003																																															
1983	0.008	0.106	0.365	0.294	0.151	0.063	0.01	0.004																																															
1984	0.003	0.07	0.276	0.242	0.207	0.122	0.058	0.022																																															
1985	0.004	0.292	0.452	0.169	0.054	0.019	0.008	0.001																																															
1986	0.003	0.085	0.581	0.242	0.058	0.024	0.004	0.003																																															
1987	0	0	0	0	0	0	0	0																																															
1988	0	0	0	0	0	0	0	0																																															
1989	0	0	0	0	0	0	0	0																																															
1990	0	0	0	0	0	0	0	0																																															
1991	0	0	0	0	0	0	0	0																																															
1992	0	0	0	0	0	0	0	0																																															
1993	0	0	0	0	0	0	0	0																																															
1994	0	0	0	0	0	0	0	0																																															
1995	0	0	0	0	0	0	0	0																																															
1996	0	0	0	0	0	0	0	0																																															
1997	0	0	0	0	0	0	0	0																																															
1998	0	0	0	0	0	0	0	0																																															
1999	0	0	0	0	0	0	0	0																																															
2000	0	0	0	0	0	0	0	0																																															
2001	0	0	0	0	0	0	0	0																																															
2002	0	0	0	0	0	0	0	0																																															
2003	0	0	0	0	0	0	0	0																																															
2004	0	0	0	0	0	0	0	0																																															
2005	0	0	0	0	0	0	0	0																																															
2006	0	0	0	0	0	0	0	0																																															
2007	0	0	0	0	0	0	0	0																																															
2008	0	0	0	0	0	0	0	0																																															
2009	0	0	0	0	0	0	0	0																																															
2010	0	0	0	0	0	0	0	0																																															
2011	0	0	0	0	0	0	0	0																																															
2012	0	0	0	0	0	0	0	0																																															
2013	0	0	0	0	0	0	0	0																																															
2014	0	0	0	0	0	0	0	0																																															
2015	0	0	0	0	0	0	0	0																																															
#																																																							
#USSR	catch-at-age																																																						
#	0	1	2	3	4	5	6	7																																															
1961	0	0	0	0	0	0	0	0																																															
1962	0	0	0	0	0	0	0	0																																															
1963	0	0	0	0	0	0	0	0																																															
1964	0	0	0	0	0	0	0	0																																															
1965	0	0	0	0	0	0	0	0																																															
1966	0	0	0	0	0	0	0	0																																															
1967	0	0	0	0	0	0	0	0																																															
1968	0	0	0	0	0	0	0	0																																															
1969	0	0	0	0	0	0	0	0																																															
1970	0	0	0	0	0	0	0	0																																															
1971	0	0	0	0	0	0	0	0																																															
1972	0	0	0	0	0	0	0	0																																															
1973	0	0.01	0.092	0.312	0.25	0.182	0.051	0.103																																															
1974	0	0.066	0.059	0.441	0.237	0.069	0.042	0.085																																															
1975	0	0.011	0.05	0.428	0.34	0.091	0.025	0.055																																															
1976	0	0.035	0.01	0.218	0.472	0.165	0.04	0.06																																															
1977	0.002	0.066	0.205	0.306	0.276	0.125	0.005	0.016																																															
1978	0	0.121	0.17	0.278	0.228	0.115	0.051	0.038																																															
1979	0.003	0.135	0.233	0.224	0.199	0.104	0.047	0.056																																															
1980	0.001	0.078	0.172	0.303	0.249	0.111	0.049	0.036																																															
1981	0	0.012	0.174	0.424	0.28	0.065	0.014	0.032																																															
1982	0	0.005	0.093	0.493	0.292	0.064	0.031	0.022																																															
1983	0	0.016	0.105	0.423	0.314	0.119	0.016	0.008																																															
1984	0.004	0.041	0.135	0.327	0.332	0.099	0.021	0.041																																															
1985	0	0.095	0.396	0.209	0.197	0.069	0.019	0.014																																															
1986	0	0.005	0.16	0.477	0.258	0.069	0.023	0.008																																															
1987	0	0	0	0	0	0	0	0																																															
1988	0	0	0	0	0	0	0	0																																															
1989	0	0	0	0	0	0	0	0																																															
1990	0	0	0	0	0	0	0	0																																															
1991	0	0	0	0	0	0	0	0																																															
1992	0	0	0	0	0	0	0	0																																															
1993	0	0	0	0	0	0	0	0																																															
1994	0	0	0	0	0	0	0	0																																															
1995	0	0	0	0	0	0	0	0																																															
1996	0	0	0	0	0	0	0	0																																															
1997	0	0	0	0	0	0	0	0																																															
1998	0	0	0	0	0	0	0	0																																															
1999	0	0	0	0	0	0	0	0																																															
2000	0	0	0	0	0	0	0	0																																															
2001	0	0	0	0	0	0	0	0																																															
2002	0	0	0	0	0	0	0	0																																															
2003	0	0	0	0	0	0	0	0																																															
2004	0	0	0	0	0	0	0	0																																															
2005	0	0	0	0	0	0	0	0																																															
2006	0	0	0	0	0	0	0	0																																															
2007	0	0	0	0	0	0	0	0																																															
2008	0	0	0	0	0	0	0	0																																															
2009	0	0	0	0	0	0	0	0																																															
2010	0	0	0	0	0	0	0	0																																															
2011	0	0	0	0	0	0	0	0																																															
2012	0	0	0	0	0	0	0	0																																															
2013	0	0	0	0	0	0	0	0																																															
2014	0	0	0	0	0	0	0	0																																															
2015	0	0	0	0	0	0	0	0																																															
#																																																							
#	Proportion	of	Numbers	caught	by	surveys	by	year:	Estimated	CAA	by	M.	Wilhelm																																										
#	0	1	2	3	4	5	6	7																																															
1961	0	0	0	0	0	0	0	0																																															
1962	0	0	0	0	0	0	0	0																																															
1963	0	0	0	0	0	0	0	0																																															
1964	0	0	0	0	0	0	0	0																																															
1965	0	0	0	0	0	0	0	0																																															
1966	0	0	0	0	0	0	0	0																																															
1967	0	0	0	0	0	0	0	0																																															
1968	0	0	0	0	0	0	0	0																																															
1969	0	0	0	0	0	0	0	0																																															
1970	0	0	0	0	0	0	0	0																																															
1971	0	0	0	0	0	0	0	0																																															
1972	0	0	0	0	0	0	0	0																																															
1973	0	0	0	0	0	0	0	0																																															
1974	0	0	0	0	0	0	0	0																																															
1975	0	0	0	0	0	0	0	0																																															
1976	0	0	0	0	0	0	0	0																																															
1977	0	0	0	0	0	0	0	0																																															
1978	0	0	0	0	0	0	0	0																																															
1979	0	0	0	0	0	0	0	0																																															
1980	0	0	0	0	0	0	0	0																																															
1981	0	0	0	0	0	0	0	0																																															
1982	0	0	0	0	0	0	0	0																																															
1983	0	0	0	0	0	0	0	0																																															
1984	0	0	0	0	0	0	0	0																																															
1985	0	0	0	0	0	0	0	0																																															
1986	0	0	0	0	0	0	0	0																																															
1987	0	0	0	0	0	0	0	0																																															
1988	0	0	0	0	0	0	0	0																																															
1989	0	0	0	0	0	0	0	0																																															
1990	0	0	0	0	0	0	0	0																																															
1991	0	0	0	0	0	0	0	0																																															
1992	0	0	0	0	0	0	0	0																																															
1993	0	0	0	0	0	0	0	0																																															
1994	0	0	0	0	0	0	0	0																																															
1995	0	0	0	0	0	0	0	0																																															
1996	0	0	0	0	0	0	0	0																																															
1997	0	0	0	0	0	0	0	0																																															
1998	0	0	0	0	0	0	0	0																																															
1999	0.1634	0.2524	0.4508	0.1334	0	0	0	0																																															
2000	0.2771	0.3766	0.1441	0.2022	0	0	0	0																																															
2001	0.2777	0.548	0.1743	0	0	0	0	0																																															
2002	0.1112	0.3666	0.3448	0.1585	0.0164	0.0014	0.0008	0.0002																																															
2003	0.145	0.2456	0.3983	0.2034	0.0075	0.0002	0	0																																															
2004	0.1467	0.5977	0.1992	0.0512	0.0031	0.001	0.0005	0.0006																																															
2005	0.4414	0.3354	0.0867	0.0841	0.0432	0.0083	0.0006	0.0003																																															
2006	0.0818	0.4756	0.4426	0	0	0	0	0																																															
2007	0.0335	0.6588	0.2442	0.0635	0	0	0	0																																															
2008	0	0	0	0	0	0	0	0																																															
2009	0.169	0.276	0.377	0.154	0.019	0.005	0	0																																															
2010	0.108	0.249	0.456	0.157	0.02	0.007	0.001	0.001																																															
2011	0.323	0.27	0.266	0.124	0.013	0.004	0	0																																															
2012	0.243	0.242	0.364	0.137	0.011	0.003	0	0																																															
2013	0.154	0.285	0.293	0.242	0.023	0.004	0	0																																															
2014	0.159	0.267	0.286	0.252	0.030	0.006	0.000	0.000																																															
2015	0.455	0.169	0.270	0.100	0.005	0.001	0.000	0.000																																															
#																																																							
#	Commercial	CPUE:	Butterworth	et.al	-1990	S.Afr.J.mar.sci	9:327-357:	Namibian	data	will	be	a	GLM	Vaske's	data	at	the	moment																																					
#	61	62	63	64	65	66	67	68	69	70	71	72	73	74	75	76	77	78	79	80	81	82	83	84	85	86	87	88	89	90	91	92	93	94	95	96	97	98	99	0	1	2	3	4	5	6	7	8	9	10	11	12	13	14	15
#	Namibia																																																						
	0	0	0	0	0	0	0	0	0	0	0	0	0	0	0	0	0	0	0	0	0	0	0	0	0	0	0	0	0	6.05	6.75728728	7.47366148	8.13655463	6.096845628	5.816506685	5.571596141	5.470127906	5.989525072	6.004318963	5.310486307	5.085884531	5.402282972	5.734635219	6.170737034	8.299104699	6.62038852	6.807250448	9.142685043	18.83729564	25.64432084	21.58350411	17.67119763	17.20903775	16.70899493	22.0568689
#	Bulgaria																																																						
	0	0	0	0	0	0	0	0	0	0	0	0	0	0	0	0	0	0	0	1.755	4.388	5.042	3.657	4.106	5.487	4.949	0	0	0	0	0	0	0	0	0	0	0	0	0	0	0	0	0	0	0	0	0	0	0	0	0	0	0	0	0
#	Poland																																																						
	0	0	0	0	0	0	0	0	0	0	0	0	1.574	1.448	3.806	3.103	3.479	8.884	8.039	5.43	9.354	6.764	7.963	5.397	2.888	1.007	0	0	0	0	0	0	0	0	0	0	0	0	0	0	0	0	0	0	0	0	0	0	0	0	0	0	0	0	0
#	Romania																																																						
	0	0	0	0	0	0	0	0	0	0	0	0	0	0	0	0	0	1.863	5.752	2.052	2.173	5.116	8.42	5.765	3.792	7.284	0	0	0	0	0	0	0	0	0	0	0	0	0	0	0	0	0	0	0	0	0	0	0	0	0	0	0	0	0
#	USSR																																																						
	0	0	0	0	0	0	0	0	0	0	0	0	40.396	80.854	33.111	35.71	36.04	38.165	35.459	24.343	25.66	25.817	17.836	15.289	19.826	45.089	0	0	0	0	0	0	0	0	0	0	0	0	0	0	0	0	0	0	0	0	0	0	0	0	0	0	0	0	0
#																																																							
#	survey	series	(Estimates	then	CVs)																																																		
#	1961	1962	1963	1964	1965	1966	1967	1968	1969	1970	1971	1972	1973	1974	1975	1976	1977	1978	1979	1980	1981	1982	1983	1984	1985	1986	1987	1988	1989	1990	1991	1992	1993	1994	1995	1996	1997	1998	1999	2000	2001	2002	2003	2004	2005	2006	2007	2008	2009	2010	2011	2012	2013	2014	2015
	0	0	0	0	0	0	0	0	0	0	0	0	0	0	0	0	0	0	0	0	0	0	0	0	0	0	0	0	0	0	0	0	0	0	0	0	0	0	1807.571	1474	861.43	802.6	1059.301	1374.287857	1639.881207	546.4729847	534.2147742	0	1319.251912	1207.159291	1253.337678	1537.478422	1737.030747	1451.346	1176.782
	0	0	0	0	0	0	0	0	0	0	0	0	0	0	0	0	0	0	0	0	0	0	0	0	0	0	0	0	0	0	0	0	0	0	0	0	0	0	0.19	0.17	0.21	0.35	0.18	0.14	0.17	0.18	0.17	0	0.13	0.11	0.115801521	0.126206641	0.156361064	0.14196421	0.179142598
#																																																							
#startWeight	at	age:	Calculated	from	Von	Bertalanffy	growth	function	of	2004	data	(Wilhelm	2006)	and	average	a	and	b	parameters	from	all	surveys	1994-2006																																
#	0	1	2	3	4	5	6	7																																															
1961	9	29	62	107	162	224	291	416																																															
1962	9	29	62	107	162	224	291	416																																															
1963	9	29	62	107	162	224	291	416																																															
1964	9	29	62	107	162	224	291	416																																															
1965	9	29	62	107	162	224	291	416																																															
1966	9	29	62	107	162	224	291	416																																															
1967	9	29	62	107	162	224	291	416																																															
1968	9	29	62	107	162	224	291	416																																															
1969	9	29	62	107	162	224	291	416																																															
1970	9	29	62	107	162	224	291	416																																															
1971	9	29	62	107	162	224	291	416																																															
1972	9	29	62	107	162	224	291	416																																															
1973	9	29	62	107	162	224	291	416																																															
1974	9	29	62	107	162	224	291	416																																															
1975	9	29	62	107	162	224	291	416																																															
1976	9	29	62	107	162	224	291	416																																															
1977	9	29	62	107	162	224	291	416																																															
1978	9	29	62	107	162	224	291	416																																															
1979	9	29	62	107	162	224	291	416																																															
1980	9	29	62	107	162	224	291	416																																															
1981	9	29	62	107	162	224	291	416																																															
1982	9	29	62	107	162	224	291	416																																															
1983	9	29	62	107	162	224	291	416																																															
1984	9	29	62	107	162	224	291	416																																															
1985	9	29	62	107	162	224	291	416																																															
1986	9	29	62	107	162	224	291	416																																															
1987	9	29	62	107	162	224	291	416																																															
1988	9	29	62	107	162	224	291	416																																															
1989	9	29	62	107	162	224	291	416																																															
1990	9	29	62	107	162	224	291	416																																															
1991	9	29	62	107	162	224	291	416																																															
1992	9	29	62	107	162	224	291	416																																															
1993	9	29	62	107	162	224	291	416																																															
1994	9	29	62	107	162	224	291	416																																															
1995	9	29	62	107	162	224	291	416																																															
1996	9	29	62	107	162	224	291	416																																															
1997	9	29	62	107	162	224	291	416																																															
1998	9	29	62	107	162	224	291	416																																															
1999	9	29	62	107	162	224	291	416																																															
2000	9	29	62	107	162	224	291	416																																															
2001	9	29	62	107	162	224	291	416																																															
2002	9	29	62	107	162	224	291	416																																															
2003	9	29	62	107	162	224	291	416																																															
2004	9	29	62	107	162	224	291	416																																															
2005	9	29	62	107	162	224	291	416																																															
2006	9	29	62	107	162	224	291	416																																															
2007	9	29	62	107	162	224	291	416																																															
2008	9	29	62	107	162	224	291	416																																															
2009	9	29	62	107	162	224	291	416																																															
2010	9	29	62	107	162	224	291	416																																															
2011	9	29	62	107	162	224	291	416																																															
2012	9	29	62	107	162	224	291	416																																															
2013	9	29	62	107	162	224	291	416																																															
2014	9	29	62	107	162	224	291	416																																															
2015	9	29	62	107	162	224	291	416																																															
#midWeight	at	age:	Calculated	from	"Von	Bertalanffy	growth	function	of	2004	data	(Wilhelm	2006),	but	making	age	=	age+	0.5,	and	average	a	and	b	parameters	from	all	surveys	1994-2006"																																																		
#	0	1	2	3	4	5	6	7																																															
1961	17	44	83	133	192	257	325	451																																															
1962	17	44	83	133	192	257	325	451																																															
1963	17	44	83	133	192	257	325	451																																															
1964	17	44	83	133	192	257	325	451																																															
1965	17	44	83	133	192	257	325	451																																															
1966	17	44	83	133	192	257	325	451																																															
1967	17	44	83	133	192	257	325	451																																															
1968	17	44	83	133	192	257	325	451																																															
1969	17	44	83	133	192	257	325	451																																															
1970	17	44	83	133	192	257	325	451																																															
1971	17	44	83	133	192	257	325	451																																															
1972	17	44	83	133	192	257	325	451																																															
1973	17	44	83	133	192	257	325	451																																															
1974	17	44	83	133	192	257	325	451																																															
1975	17	44	83	133	192	257	325	451																																															
1976	17	44	83	133	192	257	325	451																																															
1977	17	44	83	133	192	257	325	451																																															
1978	17	44	83	133	192	257	325	451																																															
1979	17	44	83	133	192	257	325	451																																															
1980	17	44	83	133	192	257	325	451																																															
1981	17	44	83	133	192	257	325	451																																															
1982	17	44	83	133	192	257	325	451																																															
1983	17	44	83	133	192	257	325	451																																															
1984	17	44	83	133	192	257	325	451																																															
1985	17	44	83	133	192	257	325	451																																															
1986	17	44	83	133	192	257	325	451																																															
1987	17	44	83	133	192	257	325	451																																															
1988	17	44	83	133	192	257	325	451																																															
1989	17	44	83	133	192	257	325	451																																															
1990	17	44	83	133	192	257	325	451																																															
1991	17	44	83	133	192	257	325	451																																															
1992	17	44	83	133	192	257	325	451																																															
1993	17	44	83	133	192	257	325	451																																															
1994	17	44	83	133	192	257	325	451																																															
1995	17	44	83	133	192	257	325	451																																															
1996	17	44	83	133	192	257	325	451																																															
1997	17	44	83	133	192	257	325	451																																															
1998	17	44	83	133	192	257	325	451																																															
1999	17	44	83	133	192	257	325	451																																															
2000	17	44	83	133	192	257	325	451																																															
2001	17	44	83	133	192	257	325	451																																															
2002	17	44	83	133	192	257	325	451																																															
2003	17	44	83	133	192	257	325	451																																															
2004	17	44	83	133	192	257	325	451																																															
2005	17	44	83	133	192	257	325	451																																															
2006	17	44	83	133	192	257	325	451																																															
2007	17	44	83	133	192	257	325	451																																															
2008	17	44	83	133	192	257	325	451																																															
2009	17	44	83	133	192	257	325	451																																															
2010	17	44	83	133	192	257	325	451																																															
2011	17	44	83	133	192	257	325	451																																															
2012	17	44	83	133	192	257	325	451																																															
2013	17	44	83	133	192	257	325	451																																															
2014	17	44	83	133	192	257	325	451																																															
2015	17	44	83	133	192	257	325	451																																															
#========Selectivities========================================================																																																							
#	0	1	2	3	4	5	6	7																																															
	0.1	0.3	0.4	0.8	0.9	1	1	1																																															
	0.2	1	0.3	0.1	0	0	0	0																																															
	0.1	0.3	0.4	0.8	0.9	1	1	1																																															
	0.1	0.3	0.4	0.8	0.9	1	1	1																																															
	0.1	0.3	0.4	0.8	0.9	1	1	1																																															
	0.1	0.3	0.4	0.8	0.9	1	1	1																																															
	0.8	1	1	0.5	0.2	0.1	0	0																																															
#----------------------------------------------------------------------------																																																							
12345																																																							
